Problem 1 - Values of A and B

A =

    1.0000         0    0.0250         0
         0    1.0000         0    0.0250
         0    1.0000         0    0.0250
         0         0         0         0


B =

     0     0
     0     0
     1     0
     0     1

Problem 2 - Values of A and B

A =

    1.0000    0.0250    0.0003
    0.0250    1.0000         0
    1.0000    0.0250    0.0003


B =

         0
    0.0250
    1.0000