Time Step 1
The measurement is 

Z =

    2.0755
    1.0000
    0.9267

The covariance matrix is 

P =

    0.9999         0         0
         0    0.9999         0
         0         0    0.9999

Updated motion is 

x =

    2.6759
    1.7996
    1.8534

-------------------------------
Time Step 1
The measurement is 

Z =

    2.3820
    2.8121
   -1.6800

The covariance matrix is 

P =

    0.5000         0         0
         0    0.5000         0
         0         0    0.5000

Updated motion is 

x =

    3.5252
    2.3925
   -3.4466

-------------------------------
Time Step 1
The measurement is 

Z =

    2.5176
    2.7097
   -3.7538

The covariance matrix is 

P =

    0.3333         0         0
         0    0.3333         0
         0         0    0.3333

Updated motion is 

x =

    2.2712
    2.8944
   -3.8562

-------------------------------
Time Step 1
The measurement is 

Z =

    1.4925
    3.5700
   -4.6965

The covariance matrix is 

P =

    0.2500         0         0
         0    0.2500         0
         0         0    0.2500

Updated motion is 

x =

    1.4744
    3.8618
   -4.9066

-------------------------------
Time Step 1
The measurement is 

Z =

    1.6654
    4.8326
   -4.7798

The covariance matrix is 

P =

    0.2000         0         0
         0    0.2000         0
         0         0    0.2000

Updated motion is 

x =

    1.6807
    5.0417
   -4.7545

-------------------------------
Time Step 1
The measurement is 

Z =

    1.7210
    5.9985
   -6.5233

The covariance matrix is 

P =

    0.1667         0         0
         0    0.1667         0
         0         0    0.1667

Updated motion is 

x =

    2.0180
    6.1450
   -6.8181

-------------------------------
Time Step 1
The measurement is 

Z =

    2.8719
    5.6390
   -6.5733

The covariance matrix is 

P =

    0.1429         0         0
         0    0.1429         0
         0         0    0.1429

Updated motion is 

x =

    3.0175
    5.5933
   -6.5384

-------------------------------
Time Step 1
The measurement is 

Z =

    3.9802
    5.3422
   -5.3591

The covariance matrix is 

P =

    0.1250         0         0
         0    0.1250         0
         0         0    0.1250

Updated motion is 

x =

    4.1321
    5.4543
   -5.2116

-------------------------------
Time Step 1
The measurement is 

Z =

    4.5954
    6.3040
   -4.6811

The covariance matrix is 

P =

    0.1111         0         0
         0    0.1111         0
         0         0    0.1111

Updated motion is 

x =

    4.6098
    6.4534
   -4.6221

-------------------------------
Time Step 1
The measurement is 

Z =

    4.5236
    7.4050
   -5.5136

The covariance matrix is 

P =

    0.1000         0         0
         0    0.1000         0
         0         0    0.1000

Updated motion is 

x =

    4.6000
    7.5485
   -5.6028

-------------------------------
